#doc name topic proportion ...
0	0	7.29012278735736E-4	0.13139693212353445	0.026190217980696238	0.005946571232331996	8.736097555097663E-4	0.05790526455313355	0.0020785887286266856	0.16525684126811988	0.029070117726445674	0.012814951379098435	0.07672703611321982	0.1445914518791647	0.08702960633336948	0.11559965778597163	0.009200014459747677	0.03204641579004446	0.0039222065574955715	6.205641711552134E-4	0.09530781187868272	0.0026931280049163142
1	1	0.00231174365778153	0.07407630764282555	0.013354507565097361	0.057632774494431716	5.025529690829414E-4	0.05233921655342473	0.0038529060963025503	0.014547233278387542	0.23965075919001863	0.004295152709095538	0.17220145003283346	0.13254667041906218	0.032866964178024365	0.08186252831048392	0.0016416730323376085	0.02332515847170292	0.006466181535533845	0.001909701282515177	0.08117905627253112	0.0034374623085273188
2	2	0.005215155484403046	0.09756787787642103	0.008222966089361083	0.0017222141367098432	0.0037759342809553843	0.023650123708339396	0.0017383851614676822	0.022081534306829024	0.002757159721211533	0.2823541777842462	0.03854363751030903	0.1338394864082537	0.03584307637574993	0.1256569478807872	0.003404000711525089	0.07329516971490484	0.012767024046313816	0.0011723992949433206	0.10557253513155129	0.02082019437571759
3	3	0.26595591309487765	0.08376944480486714	0.003424015685596067	0.0126508369015181	8.866398512175079E-4	0.05275867537447919	0.004620619062035956	0.004606202153886078	0.003827689113792656	0.006552484754119631	0.1463099923590387	0.16297593818029785	0.027644421377391405	0.0982007698628952	0.005125210847281692	0.0279760102648386	0.0018525726972593458	0.007950924844657814	0.07870911004425991	0.004202528725689489
4	4	0.003399414129027863	0.17217112882348934	0.023332652088016895	0.10508209006063084	0.0010423053341508278	0.18025069827644935	8.106819265617549E-4	0.020512296477961715	0.0178826895565093	0.009557871789631446	0.054506437768240344	0.06625110702363922	0.055473806117582944	0.10539546290619252	0.0010559302404795968	0.029559234280264322	0.0036446624429457048	0.001750800463246815	0.13850398528510116	0.009816745009878057
5	5	0.0012280457852541823	0.1274773313561024	0.01103696495049199	0.005414214436875358	0.0022475554937670885	0.023873519007677216	0.0037768200565364476	0.01942474937052999	0.002710968997636591	0.006758113598096915	0.04202388124256608	0.11643264284721257	0.033620649705732426	0.13557162055702304	0.007175185751579468	0.06975145589075799	0.0018150362234888857	0.001336175602823733	0.15549840122341166	0.232826667902436
6	6	0.0024479296323956516	0.09335917588344773	0.0134725037637659	0.04671218748888652	0.0072370994701091785	0.03321004777315457	0.00438019370058205	0.008114323648304231	0.15535758739642236	0.005565631779224012	0.0965480043149946	0.07580283793876028	0.06100857071730858	0.07318301978496153	0.003028794290930213	0.055519992413196294	0.09003994926325024	0.003692639614969712	0.16447360622117904	0.006845904904157331
7	7	0.0012466217502188725	0.1630409957748087	0.009049902934795021	0.005243424308172509	0.0014940428609493358	0.08803433443721213	0.0012846865364850976	0.03091812264474135	0.0013227513227513227	0.006099881999162574	0.05240569449202543	0.13850824102622664	0.09225952571276312	0.07151421719767044	0.167989417989418	0.0343249210155685	0.00688021011762019	0.0011133949982870847	0.11595485516348826	0.011314757717635416
8	8	0.0013313220656633183	0.11708206200646805	0.010176328750842789	0.003445438650622236	9.427817203195173E-4	0.018644222747894453	0.2634817786005691	0.01898705246437428	0.002154113385214897	0.002371238872318786	0.0743997623047299	0.09525523672391922	0.09716365547899025	0.09838641480110162	0.00755939524838013	0.06221787971248014	0.008439324854011679	7.599392048636109E-4	0.11301381603757414	0.0041882363696618555
9	9	0.0032691028200010235	0.07034008905266391	0.007018015251548186	0.2353050309637136	6.973233021137213E-4	0.04492937202518041	9.788116075541225E-4	0.004740518962075849	0.02157863759660167	0.0015289932954603612	0.14415399969292184	0.15198449255335483	0.034936537182046166	0.11274246379036798	8.76452223757613E-4	0.016511848098674446	0.009743333845130252	0.00124750499001996	0.12996443011413072	0.007453042632683351
10	10	0.003613520124527463	0.19661873347663875	0.006615521458750278	7.227040249054925E-4	0.0011180293034862747	0.02927260148741136	0.0047377263854915625	0.03362117955179997	7.227040249054925E-4	0.0010191979838410792	0.1389877202085341	0.08445753959429743	0.08106021298149384	0.07751463938922244	0.0015010006671114075	0.02434338942010723	0.002538729523385961	0.18225113038321844	0.11898673189533764	0.010296988115533813
11	11	0.0018075092165073911	0.12430055955235811	0.011614588925874227	0.08058627724685923	0.003072169130367348	0.023807819416108905	0.0019387475094551224	0.029284035458200602	0.008619969695885084	0.006162234391591205	0.08278153596525764	0.12086450242790842	0.055137979168903686	0.05263252084899245	0.001079733228342699	0.05944498132837014	0.1757698318956775	0.0016046864001336245	0.1500351957240178	0.009455122469188828
12	12	0.0017329921788520515	0.15140544758379154	0.0067777233382328925	0.030712976572849184	0.00320285989075798	0.0778939154735333	8.982524906091785E-4	0.027519189939572104	0.00514453699167075	0.007013628032736313	0.10718239062188106	0.12307873772841926	0.24213802239279947	0.06462881303645635	0.021022737583247138	0.01884515578783095	0.0017874317237374562	0.00285807610648375	0.1019561943128822	0.004200918213657067
13	13	0.003109214581395773	0.09359556503820413	0.0020880062731367505	0.004294545653482138	0.0011215055528201762	0.013485420427813338	0.0022521290369640935	0.003765705636705144	0.0018874117840144429	0.0057898863905757065	0.050285391250433104	0.13365975527472326	0.0416233564928789	0.15016321097069496	0.266033882232799	0.11084669110272262	0.004805149807611649	0.0011579772781151413	0.10243995842223316	0.007595236792676477
14	14	0.013576308897946325	0.11846535530746057	0.004637013408943233	0.0053261661448795955	0.0035343690314450548	0.02328351743556422	0.08640990804733495	0.01739618406285073	0.001427530667296749	0.030627916592828874	0.04740386319333688	0.11687045897572214	0.00910666115344478	0.3004016775946601	0.0029830468426959656	0.09119459704255026	0.0012897001201094768	7.186878531907771E-4	0.10686789926556009	0.0184791383621793
15	15	0.002906398340013075	0.08022085784940736	0.012343310309542083	0.002764276171797277	0.003702282482021546	0.0357224069810409	0.013011284500156334	0.00336118927830363	0.012954435632870015	0.01844035132599983	0.0560174526022569	0.0747633665899207	0.040554560700378044	0.1831315198544669	0.009571928029334015	0.30838378670304994	0.007354822205167562	9.451124186350587E-4	0.1244350643813422	0.009415593644296637
16	16	0.0969281045751634	0.17430184194890078	0.013363042186571599	0.0025133689839572193	0.004830659536541889	0.0927807486631016	0.002073677956030897	0.04580510992275698	0.0031313131313131315	0.002073677956030897	0.06932263814616756	0.10096850861556744	0.08345216874628639	0.11842543077837195	0.0030837789661319072	0.030249554367201427	0.006755793226381462	0.009714795008912655	0.13127153891859775	0.008954248366013072
17	17	0.13998643482550252	0.05924898261191269	0.010611666050067825	0.0021395979775558024	0.003841410778147737	0.00787396719694167	0.0015476630903933902	0.007430016031569861	0.001042052040942163	0.0125847823406092	0.06886792452830189	0.20977309162658775	0.04852016278209397	0.16832531754840302	0.006036502651375016	0.07700702922678505	0.005913182883216179	9.927241336786287E-4	0.14966703662597114	0.018590455049944506
18	18	0.0065314628443631185	0.1500542170716004	0.012834197417911966	0.001634983565450171	0.0013300125376978075	0.02159364304835485	0.0011097556843211007	0.26231744095422044	0.0011944698586967572	0.009581173121886754	0.08197790654332283	0.10234319406323066	0.047499237572430617	0.10391887770661787	0.0022449256209548982	0.02596489444613873	0.0021432686117041104	0.001075870014570838	0.14883433296059095	0.015816136355935075
19	19	0.0015953851715628487	0.1641046195438613	0.3088052687005863	0.002004055264771066	6.52300341082347E-4	0.027954606183492874	0.0013124597224186982	0.03317300891215165	0.001170996997846623	0.007662564247654076	0.04505587777620597	0.09057543892739818	0.07370993854230522	0.07570613476682228	9.037896292104808E-4	0.03153832853931878	0.0024127253579792835	0.00139105012495874	0.1250451894814605	0.00522626176891278
20	20	0.0010386438957867528	0.10117660117660118	0.0136133707562279	0.0017997875140732284	0.3324691181834039	0.007333935905364477	0.002259645116787974	0.01381951381951382	0.0031635031635031635	0.018830375973233116	0.02208109350966494	0.08623915766772909	0.049878692735835596	0.07169814312671456	0.006192220477934764	0.07911929340500769	0.062247276532990815	0.0019107876250733394	0.11403675689389975	0.011092082520653948
21	21	0.0015907866516228057	0.07444169995629149	0.014540704825216764	0.2452301812378658	0.0011232071885260066	0.045502597098974376	0.0015297980260014841	0.006185263115095701	0.02667744132385977	0.0026072637453114994	0.14969149920206548	0.14137671657569198	0.029584565811809432	0.10958131308510963	0.001702599131928562	0.016593988554467923	0.0029427011862287683	7.572754347980768E-4	0.12366968560363492	0.004670712245499547
22	22	8.996017030627661E-4	0.17088998763906058	0.030332371926933114	0.001242961131712677	0.007492102733141052	0.2146065100947672	6.661172915808268E-4	0.035784919653893695	6.935860458728197E-4	0.0044293366295838485	0.061495673671199014	0.09504875703886828	0.06741519022112347	0.1069564620244472	0.009085290482076638	0.060561736025271255	0.0037838209037220163	0.0017786018404065376	0.12107540173053152	0.005761571212745502
23	23	0.002736382598972109	0.11925574694105756	0.026724082317269852	0.03032600047308776	0.0063490527492849926	0.047851751499903235	0.00282239855493194	0.042819818076253145	0.009133819323484506	0.007112444358428488	0.0671085736404103	0.1323839322194267	0.13559877857342537	0.07715093649872051	0.107869384770875	0.07194697116315077	0.0036287981420553513	0.001983742984323592	0.09869793346665806	0.008499451648280755
24	24	0.004627260320709655	0.09377487774365972	0.01344108950301376	0.05759553053565336	0.0012865347435460025	0.03857471852610031	8.742749914704879E-4	0.005266973729102695	0.06473188900261571	0.0021821335152962585	0.2525517457068122	0.1338351529625839	0.05080035255316729	0.09671755942226772	0.004485101785511202	0.04709001478448766	0.008778289548504492	0.001442909132264301	0.11431678607983624	0.00762680541339702
25	25	0.0049251148325981445	0.1638300087181689	0.005094273334114065	0.004300529596231669	0.002179542231070513	0.060278981405577026	0.0026479811583453696	0.04729281336612406	0.001268688761369403	0.0017241154962199582	0.07154754004502219	0.10344042367698533	0.10141052165879429	0.09251018204057201	0.0060311511886637775	0.02760536622815578	0.004365590558353177	0.1966727823971061	0.0982225345148404	0.004651858791687812
26	26	0.0015397005874549935	0.1211941759838292	0.02544848714547407	0.003640010106752574	0.00495072958120144	0.016905122860210977	0.004777019771334723	0.019952940433327016	0.002187164424230939	0.1705119701850799	0.04668845935190449	0.09017907902217169	0.038729391699829446	0.11181384625102647	0.005077063988377235	0.14527667235171499	0.004871770576716569	0.0017449939991156592	0.17932379508559157	0.005187606594656054
27	27	0.001921457148873447	0.12907103249806978	0.021083385975994948	0.0012020074401628412	0.005781919000491332	0.011835825085983014	0.11236576121288692	0.07144486558573734	0.0014827683020986874	0.008238576542429986	0.03734996841440303	0.1116814066119183	0.08590404997543342	0.13473889239839967	0.005764371446620341	0.1241050747525795	0.00897557380501158	0.0012721976556468028	0.10924229662385064	0.016538569523408438
28	28	7.99064188743904E-4	0.09708218004481349	0.06063826281797812	0.004094174245419797	0.11421675233952815	0.011145709766706207	0.005263938315539739	0.01847732964281007	8.484908395940424E-4	0.019021022802161593	0.03620502174772637	0.09902629497825227	0.03134473441412943	0.12062574139976275	9.802952418610782E-4	0.14545439567681562	0.016516739159087912	7.002108870436273E-4	0.2115707789640174	0.005988862528008436
29	29	9.394531998926339E-4	0.1298170942137352	0.036907089995782044	0.0030228664187021484	0.14567915436430334	0.015203803826833851	0.0017063537712335595	0.07004997635389905	5.687845904111865E-4	0.005668673389828342	0.054890908393726755	0.11308588008231399	0.14667612510704653	0.11704819970090878	0.003189028209159349	0.04857676035635313	0.002281529199739254	0.004160435599524522	0.0903089331134885	0.010218950113117834
30	30	0.011290209299058857	0.07279229292503629	0.014041063819824881	0.09942290583883505	0.0022650653181626634	0.06490260804420096	0.0022416537903263566	0.003821931919277052	0.200443648452498	0.003927283794540432	0.12233108582666105	0.12735285854754883	0.0467469682071452	0.08874724914547924	6.028468417848949E-4	0.0121564358290022	0.010833684506250878	0.0011296062181017934	0.10472561689375849	0.010224984782506906
31	31	0.0011886609938845441	0.11285721312281738	0.0033036577967963535	0.0040906333513681895	9.263358090272655E-4	0.009123997835817224	0.0020412178446707	0.014665617365927237	0.0011722656698309642	9.099404849736855E-4	0.10557768924302789	0.11493941927762202	0.08665748528519666	0.07239355335858214	0.001418195530634663	0.02635548341612972	0.002172380437099339	0.2636122177954847	0.17406095781483122	0.0025330775662780977
32	32	0.0013388259526261586	0.09594919327154136	0.014246481290765533	0.004359766563680055	0.005137887630163635	0.010493191440668268	0.0011328527291452112	0.015734065682572376	0.0049776862341228975	0.002185604760270054	0.055074951367433345	0.17952855017736583	0.04001602013960407	0.09988557043139948	0.004153793340199108	0.05441125986955029	0.003787618720677423	8.582217645039478E-4	0.13718960979517109	0.2695388488385399
33	33	7.331752225027415E-4	0.09984571443143855	0.013955830974421747	0.08718409711065207	0.001919006451941958	0.013586055644811669	7.969295896768929E-4	0.02026751332466274	0.008383699283400914	0.00824343967561778	0.0839963787519445	0.14456302756738837	0.036155101624461276	0.05516665391579323	0.004099405809297937	0.054975390814270775	0.20530818861091985	9.116874505903655E-4	0.1481077703822712	0.01180093336393543
34	34	0.0015707671957671957	0.1935350529100529	0.05500691438191438	0.0015106421356421357	0.004336519961519961	0.06515301827801828	0.003073893698893699	0.13120039682539683	0.019999098124098124	0.007072210197210198	0.05858435545935546	0.08813582251082251	0.057291666666666664	0.1174167267917268	0.002232142857142857	0.07490830928330929	0.006906866281866282	9.394540644540644E-4	0.09980008417508418	0.011326058201058201
35	35	0.001983691008081252	0.06591347445005982	0.005645889792231256	0.1749615469127664	0.001007104665641251	0.03579799311506628	0.004095558973607754	0.0015930564711052516	0.16749066139310043	0.005120974633169755	0.15544202739324692	0.1507910349373764	0.033026929368392785	0.09793329915281135	0.0017517517517517517	0.01122463927341976	6.652994457872507E-4	0.0011413852877267512	0.08142898996557534	0.002984692009082253
